1850   -0.317   -0.367   -0.281   -0.369   -0.266   -0.449   -0.185   -0.391   -0.251   -0.469   -0.170
1851   -0.296   -0.346   -0.262   -0.346   -0.246   -0.386   -0.206   -0.370   -0.232   -0.413   -0.186
1852   -0.282   -0.332   -0.248   -0.331   -0.234   -0.346   -0.219   -0.355   -0.221   -0.379   -0.194
1853   -0.280   -0.331   -0.247   -0.326   -0.234   -0.332   -0.228   -0.352   -0.221   -0.369   -0.202
1854   -0.292   -0.344   -0.259   -0.336   -0.248   -0.342   -0.242   -0.362   -0.235   -0.378   -0.216
1855   -0.314   -0.367   -0.280   -0.357   -0.272   -0.366   -0.263   -0.382   -0.258   -0.400   -0.237
1856   -0.337   -0.392   -0.305   -0.378   -0.295   -0.390   -0.283   -0.407   -0.282   -0.425   -0.260
1857   -0.356   -0.414   -0.324   -0.398   -0.314   -0.409   -0.302   -0.428   -0.302   -0.446   -0.280
1858   -0.368   -0.429   -0.335   -0.411   -0.325   -0.422   -0.315   -0.443   -0.313   -0.460   -0.292
1859   -0.374   -0.438   -0.339   -0.419   -0.330   -0.427   -0.321   -0.452   -0.317   -0.468   -0.296
1860   -0.378   -0.444   -0.339   -0.424   -0.332   -0.431   -0.325   -0.457   -0.316   -0.473   -0.296
1861   -0.380   -0.448   -0.336   -0.427   -0.333   -0.436   -0.324   -0.460   -0.313   -0.477   -0.292
1862   -0.377   -0.447   -0.330   -0.425   -0.329   -0.435   -0.319   -0.458   -0.306   -0.476   -0.284
1863   -0.365   -0.438   -0.316   -0.414   -0.317   -0.424   -0.306   -0.450   -0.294   -0.467   -0.272
1864   -0.347   -0.423   -0.296   -0.395   -0.298   -0.406   -0.288   -0.433   -0.275   -0.450   -0.253
1865   -0.324   -0.403   -0.272   -0.372   -0.276   -0.384   -0.264   -0.413   -0.252   -0.429   -0.230
1866   -0.303   -0.383   -0.250   -0.350   -0.256   -0.363   -0.243   -0.391   -0.231   -0.408   -0.208
1867   -0.287   -0.367   -0.234   -0.332   -0.241   -0.347   -0.226   -0.374   -0.215   -0.391   -0.192
1868   -0.277   -0.355   -0.227   -0.322   -0.233   -0.338   -0.217   -0.363   -0.208   -0.380   -0.184
1869   -0.275   -0.349   -0.227   -0.318   -0.232   -0.332   -0.218   -0.358   -0.208   -0.374   -0.186
1870   -0.280   -0.351   -0.233   -0.322   -0.238   -0.331   -0.228   -0.359   -0.214   -0.373   -0.195
1871   -0.287   -0.356   -0.243   -0.329   -0.246   -0.336   -0.239   -0.365   -0.224   -0.378   -0.207
1872   -0.298   -0.365   -0.253   -0.338   -0.257   -0.343   -0.252   -0.374   -0.235   -0.385   -0.220
1873   -0.304   -0.372   -0.260   -0.343   -0.265   -0.347   -0.261   -0.379   -0.243   -0.390   -0.228
1874   -0.301   -0.368   -0.256   -0.340   -0.263   -0.344   -0.258   -0.375   -0.240   -0.386   -0.226
1875   -0.284   -0.350   -0.240   -0.322   -0.246   -0.326   -0.242   -0.357   -0.222   -0.367   -0.208
1876   -0.254   -0.318   -0.210   -0.290   -0.217   -0.296   -0.211   -0.325   -0.192   -0.335   -0.178
1877   -0.221   -0.284   -0.176   -0.257   -0.185   -0.264   -0.178   -0.290   -0.160   -0.301   -0.145
1878   -0.198   -0.259   -0.153   -0.232   -0.163   -0.241   -0.155   -0.265   -0.138   -0.276   -0.123
1879   -0.193   -0.252   -0.148   -0.226   -0.160   -0.236   -0.149   -0.258   -0.135   -0.270   -0.119
1880   -0.205   -0.263   -0.160   -0.237   -0.173   -0.248   -0.163   -0.269   -0.150   -0.281   -0.134
1881   -0.231   -0.288   -0.187   -0.261   -0.200   -0.272   -0.189   -0.293   -0.178   -0.305   -0.163
1882   -0.262   -0.320   -0.221   -0.291   -0.233   -0.303   -0.221   -0.323   -0.212   -0.335   -0.197
1883   -0.295   -0.352   -0.256   -0.323   -0.267   -0.335   -0.255   -0.354   -0.247   -0.366   -0.232
1884   -0.323   -0.378   -0.286   -0.350   -0.296   -0.362   -0.283   -0.381   -0.277   -0.393   -0.262
1885   -0.341   -0.396   -0.305   -0.368   -0.315   -0.381   -0.302   -0.399   -0.297   -0.411   -0.281
1886   -0.349   -0.403   -0.312   -0.375   -0.323   -0.388   -0.309   -0.406   -0.303   -0.418   -0.288
1887   -0.347   -0.403   -0.309   -0.373   -0.321   -0.387   -0.307   -0.406   -0.301   -0.417   -0.285
1888   -0.343   -0.401   -0.305   -0.369   -0.317   -0.382   -0.304   -0.405   -0.296   -0.416   -0.281
1889   -0.346   -0.407   -0.303   -0.373   -0.319   -0.384   -0.308   -0.411   -0.296   -0.420   -0.283
1890   -0.357   -0.421   -0.310   -0.384   -0.330   -0.393   -0.321   -0.426   -0.304   -0.433   -0.293
1891   -0.373   -0.438   -0.322   -0.400   -0.345   -0.407   -0.338   -0.444   -0.317   -0.451   -0.307
1892   -0.384   -0.451   -0.331   -0.412   -0.356   -0.416   -0.351   -0.458   -0.326   -0.464   -0.318
1893   -0.383   -0.452   -0.329   -0.411   -0.354   -0.414   -0.351   -0.460   -0.325   -0.465   -0.317
1894   -0.369   -0.439   -0.315   -0.397   -0.340   -0.399   -0.338   -0.446   -0.310   -0.451   -0.302
1895   -0.346   -0.416   -0.292   -0.374   -0.318   -0.376   -0.316   -0.423   -0.286   -0.427   -0.279
1896   -0.322   -0.391   -0.268   -0.350   -0.294   -0.352   -0.292   -0.398   -0.262   -0.402   -0.255
1897   -0.304   -0.372   -0.251   -0.333   -0.276   -0.334   -0.275   -0.379   -0.243   -0.384   -0.237
1898   -0.297   -0.363   -0.243   -0.325   -0.269   -0.327   -0.268   -0.371   -0.236   -0.376   -0.229
1899   -0.301   -0.365   -0.246   -0.329   -0.273   -0.332   -0.270   -0.373   -0.239   -0.379   -0.232
1900   -0.316   -0.379   -0.261   -0.344   -0.289   -0.347   -0.286   -0.387   -0.255   -0.393   -0.248
1901   -0.341   -0.401   -0.288   -0.369   -0.314   -0.371   -0.311   -0.410   -0.281   -0.416   -0.274
1902   -0.370   -0.428   -0.319   -0.397   -0.343   -0.400   -0.340   -0.438   -0.312   -0.443   -0.304
1903   -0.397   -0.453   -0.346   -0.423   -0.371   -0.426   -0.367   -0.462   -0.340   -0.467   -0.333
1904   -0.416   -0.471   -0.365   -0.441   -0.390   -0.444   -0.387   -0.479   -0.360   -0.484   -0.353
1905   -0.428   -0.482   -0.379   -0.453   -0.404   -0.457   -0.399   -0.490   -0.375   -0.496   -0.368
1906   -0.440   -0.493   -0.392   -0.464   -0.416   -0.470   -0.409   -0.500   -0.389   -0.507   -0.381
1907   -0.455   -0.507   -0.409   -0.478   -0.432   -0.487   -0.423   -0.514   -0.406   -0.521   -0.397
1908   -0.471   -0.522   -0.426   -0.494   -0.449   -0.504   -0.439   -0.529   -0.424   -0.537   -0.415
1909   -0.481   -0.531   -0.438   -0.503   -0.460   -0.514   -0.449   -0.538   -0.436   -0.546   -0.426
1910   -0.479   -0.529   -0.437   -0.501   -0.458   -0.511   -0.448   -0.535   -0.435   -0.543   -0.426
1911   -0.462   -0.511   -0.420   -0.483   -0.441   -0.493   -0.430   -0.517   -0.418   -0.525   -0.409
1912   -0.431   -0.480   -0.390   -0.453   -0.410   -0.464   -0.399   -0.487   -0.389   -0.495   -0.379
1913   -0.396   -0.446   -0.355   -0.419   -0.374   -0.430   -0.362   -0.452   -0.354   -0.461   -0.343
1914   -0.367   -0.417   -0.325   -0.390   -0.343   -0.404   -0.329   -0.423   -0.323   -0.434   -0.310
1915   -0.348   -0.399   -0.305   -0.373   -0.324   -0.390   -0.307   -0.406   -0.303   -0.419   -0.288
1916   -0.340   -0.390   -0.295   -0.366   -0.315   -0.386   -0.295   -0.398   -0.293   -0.413   -0.276
1917   -0.334   -0.383   -0.287   -0.361   -0.308   -0.383   -0.286   -0.392   -0.285   -0.409   -0.267
1918   -0.323   -0.370   -0.276   -0.350   -0.297   -0.373   -0.274   -0.380   -0.274   -0.398   -0.255
1919   -0.307   -0.352   -0.260   -0.332   -0.281   -0.356   -0.257   -0.362   -0.259   -0.380   -0.239
1920   -0.288   -0.334   -0.244   -0.313   -0.264   -0.336   -0.241   -0.342   -0.243   -0.360   -0.223
1921   -0.273   -0.319   -0.233   -0.297   -0.250   -0.319   -0.227   -0.325   -0.231   -0.342   -0.212
1922   -0.262   -0.307   -0.225   -0.285   -0.240   -0.306   -0.218   -0.312   -0.223   -0.328   -0.204
1923   -0.253   -0.297   -0.218   -0.274   -0.231   -0.295   -0.210   -0.300   -0.215   -0.316   -0.197
1924   -0.241   -0.286   -0.208   -0.262   -0.220   -0.282   -0.200   -0.288   -0.206   -0.303   -0.188
1925   -0.229   -0.273   -0.197   -0.250   -0.208   -0.270   -0.189   -0.275   -0.195   -0.290   -0.177
1926   -0.219   -0.262   -0.188   -0.239   -0.199   -0.259   -0.179   -0.264   -0.186   -0.279   -0.168
1927   -0.212   -0.254   -0.182   -0.232   -0.192   -0.252   -0.172   -0.256   -0.180   -0.271   -0.162
1928   -0.206   -0.248   -0.177   -0.226   -0.186   -0.246   -0.166   -0.250   -0.174   -0.265   -0.156
1929   -0.198   -0.239   -0.170   -0.218   -0.178   -0.238   -0.158   -0.241   -0.167   -0.257   -0.149
1930   -0.188   -0.229   -0.162   -0.208   -0.168   -0.229   -0.147   -0.231   -0.157   -0.247   -0.138
1931   -0.178   -0.218   -0.152   -0.198   -0.158   -0.219   -0.136   -0.220   -0.147   -0.237   -0.127
1932   -0.169   -0.209   -0.144   -0.188   -0.149   -0.210   -0.127   -0.211   -0.138   -0.228   -0.118
1933   -0.161   -0.199   -0.135   -0.180   -0.141   -0.201   -0.120   -0.201   -0.130   -0.218   -0.110
1934   -0.148   -0.186   -0.123   -0.168   -0.129   -0.187   -0.110   -0.188   -0.118   -0.203   -0.099
1935   -0.129   -0.165   -0.105   -0.148   -0.110   -0.165   -0.092   -0.168   -0.099   -0.182   -0.082
1936   -0.103   -0.139   -0.080   -0.122   -0.084   -0.138   -0.068   -0.142   -0.074   -0.155   -0.058
1937   -0.075   -0.109   -0.054   -0.094   -0.055   -0.109   -0.041   -0.113   -0.047   -0.126   -0.032
1938   -0.050   -0.081   -0.029   -0.070   -0.030   -0.083   -0.017   -0.087   -0.021   -0.099   -0.006
1939   -0.029   -0.057   -0.003   -0.050   -0.008   -0.061    0.002   -0.065    0.002   -0.077    0.016
1940   -0.012   -0.044    0.014   -0.034    0.010   -0.043    0.020   -0.050    0.021   -0.062    0.034
1941    0.001   -0.033    0.029   -0.022    0.023   -0.032    0.034   -0.040    0.038   -0.051    0.051
1942    0.012   -0.027    0.038   -0.011    0.034   -0.026    0.049   -0.032    0.049   -0.046    0.065
1943    0.017   -0.022    0.044   -0.006    0.040   -0.025    0.060   -0.027    0.055   -0.044    0.074
1944    0.015   -0.026    0.043   -0.008    0.037   -0.031    0.061   -0.028    0.051   -0.048    0.074
1945    0.004   -0.035    0.033   -0.018    0.027   -0.043    0.052   -0.037    0.039   -0.058    0.064
1946   -0.013   -0.048    0.014   -0.034    0.009   -0.059    0.034   -0.053    0.022   -0.074    0.045
1947   -0.032   -0.069   -0.001   -0.053   -0.012   -0.076    0.011   -0.076    0.006   -0.093    0.025
1948   -0.047   -0.091   -0.013   -0.067   -0.027   -0.086   -0.007   -0.095   -0.008   -0.109    0.009
1949   -0.056   -0.103   -0.020   -0.075   -0.037   -0.092   -0.019   -0.104   -0.015   -0.116   -0.001
1950   -0.055   -0.100   -0.020   -0.073   -0.036   -0.089   -0.020   -0.103   -0.015   -0.114   -0.002
1951   -0.052   -0.092   -0.019   -0.069   -0.034   -0.087   -0.017   -0.097   -0.013   -0.109    0.000
1952   -0.053   -0.088   -0.021   -0.070   -0.036   -0.089   -0.017   -0.094   -0.015   -0.108   -0.000
1953   -0.061   -0.095   -0.030   -0.077   -0.044   -0.097   -0.024   -0.099   -0.024   -0.114   -0.008
1954   -0.073   -0.107   -0.044   -0.089   -0.057   -0.110   -0.036   -0.110   -0.038   -0.125   -0.022
1955   -0.081   -0.116   -0.053   -0.097   -0.066   -0.118   -0.044   -0.117   -0.048   -0.132   -0.032
1956   -0.079   -0.108   -0.050   -0.094   -0.063   -0.115   -0.043   -0.111   -0.046   -0.126   -0.030
1957   -0.062   -0.089   -0.035   -0.077   -0.047   -0.097   -0.027   -0.093   -0.031   -0.108   -0.015
1958   -0.041   -0.065   -0.015   -0.056   -0.026   -0.075   -0.007   -0.069   -0.011   -0.084    0.005
1959   -0.021   -0.045    0.002   -0.036   -0.007   -0.055    0.012   -0.049    0.007   -0.064    0.023
1960   -0.012   -0.036    0.010   -0.026    0.002   -0.045    0.021   -0.039    0.014   -0.054    0.031
1961   -0.014   -0.039    0.005   -0.028   -0.000   -0.047    0.019   -0.041    0.010   -0.057    0.028
1962   -0.028   -0.051   -0.008   -0.041   -0.015   -0.062    0.006   -0.055   -0.004   -0.071    0.014
1963   -0.048   -0.071   -0.028   -0.061   -0.035   -0.082   -0.014   -0.075   -0.024   -0.092   -0.006
1964   -0.069   -0.091   -0.047   -0.082   -0.056   -0.104   -0.034   -0.095   -0.044   -0.112   -0.026
1965   -0.082   -0.101   -0.061   -0.095   -0.070   -0.117   -0.047   -0.106   -0.058   -0.125   -0.039
1966   -0.086   -0.104   -0.065   -0.098   -0.073   -0.121   -0.051   -0.109   -0.061   -0.128   -0.043
1967   -0.082   -0.098   -0.061   -0.094   -0.070   -0.117   -0.047   -0.103   -0.057   -0.122   -0.039
1968   -0.074   -0.090   -0.055   -0.086   -0.062   -0.109   -0.039   -0.095   -0.051   -0.115   -0.032
1969   -0.069   -0.085   -0.051   -0.081   -0.058   -0.104   -0.035   -0.089   -0.047   -0.109   -0.028
1970   -0.070   -0.084   -0.052   -0.082   -0.059   -0.105   -0.036   -0.088   -0.047   -0.109   -0.028
1971   -0.075   -0.086   -0.057   -0.086   -0.064   -0.109   -0.041   -0.092   -0.053   -0.113   -0.034
1972   -0.084   -0.095   -0.065   -0.095   -0.072   -0.117   -0.050   -0.100   -0.063   -0.120   -0.044
1973   -0.094   -0.105   -0.077   -0.105   -0.083   -0.127   -0.061   -0.109   -0.074   -0.129   -0.055
1974   -0.100   -0.111   -0.087   -0.111   -0.089   -0.132   -0.067   -0.115   -0.083   -0.136   -0.063
1975   -0.097   -0.108   -0.086   -0.108   -0.086   -0.129   -0.064   -0.112   -0.081   -0.133   -0.061
1976   -0.081   -0.091   -0.070   -0.092   -0.070   -0.114   -0.048   -0.096   -0.066   -0.117   -0.045
1977   -0.053   -0.062   -0.040   -0.064   -0.042   -0.086   -0.020   -0.067   -0.037   -0.089   -0.016
1978   -0.017   -0.028   -0.004   -0.028   -0.006   -0.050    0.017   -0.031   -0.000   -0.053    0.021
1979    0.019    0.008    0.031    0.008    0.030   -0.015    0.053    0.003    0.036   -0.018    0.057
1980    0.048    0.035    0.060    0.037    0.059    0.013    0.083    0.030    0.065    0.008    0.086
1981    0.064    0.049    0.077    0.053    0.075    0.028    0.099    0.045    0.082    0.024    0.104
1982    0.069    0.053    0.084    0.058    0.080    0.034    0.105    0.050    0.088    0.029    0.110
1983    0.069    0.052    0.083    0.058    0.080    0.033    0.104    0.048    0.088    0.028    0.110
1984    0.070    0.051    0.084    0.059    0.081    0.035    0.105    0.048    0.089    0.028    0.110
1985    0.079    0.059    0.092    0.068    0.090    0.044    0.114    0.055    0.098    0.036    0.119
1986    0.098    0.077    0.115    0.087    0.109    0.063    0.133    0.073    0.118    0.055    0.138
1987    0.124    0.103    0.146    0.114    0.135    0.089    0.160    0.098    0.147    0.081    0.166
1988    0.152    0.129    0.175    0.141    0.162    0.116    0.187    0.125    0.178    0.108    0.195
1989    0.174    0.147    0.200    0.163    0.184    0.138    0.209    0.145    0.203    0.129    0.219
1990    0.187    0.157    0.216    0.176    0.198    0.151    0.223    0.157    0.219    0.141    0.234
1991    0.194    0.163    0.224    0.184    0.205    0.158    0.231    0.162    0.228    0.146    0.242
1992    0.200    0.167    0.231    0.189    0.210    0.163    0.236    0.166    0.235    0.151    0.249
1993    0.211    0.177    0.244    0.200    0.221    0.174    0.247    0.176    0.248    0.161    0.261
1994    0.231    0.197    0.267    0.221    0.241    0.195    0.268    0.196    0.270    0.181    0.283
1995    0.262    0.227    0.298    0.252    0.271    0.225    0.298    0.226    0.301    0.210    0.314
1996    0.297    0.262    0.334    0.287    0.306    0.260    0.333    0.260    0.336    0.244    0.349
1997    0.329    0.294    0.369    0.320    0.339    0.293    0.366    0.292    0.370    0.276    0.383
1998    0.357    0.319    0.397    0.348    0.366    0.321    0.393    0.318    0.398    0.303    0.410
1999    0.379    0.341    0.420    0.370    0.388    0.343    0.414    0.340    0.421    0.325    0.433
2000    0.400    0.361    0.442    0.391    0.409    0.364    0.435    0.360    0.443    0.345    0.455
2001    0.421    0.383    0.463    0.412    0.430    0.385    0.457    0.382    0.465    0.366    0.477
2002    0.442    0.406    0.485    0.434    0.450    0.405    0.479    0.404    0.486    0.388    0.501
2003    0.462    0.425    0.504    0.454    0.470    0.424    0.499    0.424    0.505    0.407    0.521
2004    0.475    0.438    0.516    0.467    0.482    0.437    0.513    0.437    0.517    0.419    0.534
2005    0.480    0.444    0.521    0.473    0.487    0.442    0.518    0.443    0.522    0.425    0.539
2006    0.479    0.443    0.519    0.473    0.486    0.441    0.517    0.442    0.521    0.425    0.538
2007    0.476    0.441    0.516    0.469    0.482    0.438    0.514    0.439    0.517    0.422    0.535
2008    0.472    0.437    0.512    0.465    0.479    0.434    0.510    0.435    0.513    0.417    0.531
2009    0.468    0.435    0.508    0.461    0.475    0.426    0.510    0.432    0.510    0.411    0.530
2010    0.464    0.432    0.504    0.456    0.472    0.411    0.518    0.428    0.507    0.398    0.535
2011    0.460    0.429    0.500    0.451    0.469    0.384    0.536    0.424    0.503    0.375    0.549
2012    0.456    0.426    0.495    0.446    0.465    0.336    0.575    0.420    0.499    0.330    0.584
